000000000010101
000011110100100
111111011001100
000000011001100
000101111001001
000000001110000
000010111000000
000010000000000
000000010010000
000001101101100
000101000111001
000111000111100
111110111011001
000010001001001
000110110110001
000011011110000
000000010001000
111111011000000
000111011110001
000001000101001
000011101111000
000001110011001
000000101000101
000000111101001
000011011100001
000000111111001
000010000101101
000000110101001
000000110111000
000000100111001
111111011101101
000110110000100
000010010111001
000100111110000
000011101111001
000011110010101
000000000010000
000111110000001
000100100110100
000001010000000
000101001001101
000110101011001
000111011010000
000010010101001
000010101010000
000100100010001
000101111000100
000000010010001
000001101101101
000010101010100
111111100100001
000101011111000
000011010100001
000001000010001
000101010101100
000100001010001
000101010011001
111111101011100
000000001101100
000011111100000
000100010111001
000001010010001
000000110010000
000000011111101
111111001010001
000100010001001
000010010000100
000011100001001
000010100010001
000010000100100
000000000000001
000110000100100
000100110110001
000110101000100
000000110110100
111111011011000
000000010100001
000100101101001
000000100110101
000100111000100
001000000000000
001001110000000
000101110000001
001001100000001
111110000000000
000001110000000
000111110000001
001000000000000
001001111100000
001001101100001
000110000011101
000001111100000
111110010011100
000111110000001
001000000000000
001000000000000
000111110000001
000111110000001
000000000000000
000000000000000