1101101
0101010
0001010
0000110
0110101
1100100
0100000
0100000
1110000
0001000
1001001
1000110
0000011
0100011
0110111
1010000
0001000
1111100
1000001
1101011
1010100
0100101
1100111
0000011
1010101
0001101
1100001
0010011
0011000
0011111
1111001
1001010
1011101
0110100
1010011
0101001
0000100
0111111
1001010
1111000
1001101
0111011
1000000
0100011
0101000
0101111
1001010
1110011
1100001
0100110
1110111
0110100
1010111
1100001
1010010
1010001
0101111
0001010
0000110
1010010
0101101
0001111
1101100
0000001
1110011
1001001
1011110
1001111
1010111
1011110
1110101
1000110
0110011
0111000
1111110
1111110
1101011
0110011
1101111
1001110
1000000
1000000
0111111
0111111
0000000
0000000
0111111
1000000
1000000
0111111
0111111
0000000
0000000
0111111
1000000
1000000
0111111
0111111
0000000
0000000