010001
111000
101111
111001
100110
101000
011100
011101
000100
100011
101111
110110
010100
100000
100010
101010
001001
001110
001001
111100
000011
110010
001111
101100
001011
101011
110111
001000
010001
100101
011011
010001
111111
111011
111100
110011
000000
000000
010100
010010
001001
111000
010011
000010
110110
011100
011000
000011
000111
000101
101101
110011
111110
101110
010110
101100
101110
101010
101110
111011
110011
011011
111011
101011
011001
011110
111100
100111
110000
111010
000110
110000
000110
001101
101110
100111
110010
110100
111011
000000
100000
100000
100000
100000
100000
100000
100000
011111
011111
011111
011111
011111
011111
011111
000000
000000
000000
000000
000000
000000