110011
001100
110101
101101
010100
101010
010010
100011
100010
100111
110000
001100
110001
101000
001000
110010
100101
011010
100100
011111
110010
110001
101011
000000
101100
010010
110101
101111
101001
101001
010011
010001
010101
101111
001100
010010
101011
001011
111000
110010
001111
000001
111111
010010
000111
100110
011001
101101
101101
011111
010110
100000
001101
010001
111101
010110
011010
010000
110101
011101
101001
011011
011101
010111
110101
100111
010001
100011
001101
101000
111011
011011
010010
001001
111000
111010
111101
111001
000101
011001
100101
011001
010111
011110
010011
110101
011001
000010
011101
101110
010011
100111
001011
010011
101100
101011
011011
110101
000000
001100
101001
110000
001101
011101
001001
001100
111000
110100
000111
000100
000001
001100
111111
101000
100101
110000
110000
010101
010001
100100
110111
100110
100110
001111
000010
011001
111111
010001
011011
110100
110001
000010
111011
101101
010100
111010
100101
111101
010010
001000
100100
011011
011100
101001
010011
000000
001010
000010
111001
001011
110101
110110
011110
111111
100110
111100
000100
101101
101111
100010
110000
011100
010001
111010
001001
001010
110110
110100
110100
011011
111101
001010
110101
101101
000000
010111
110101
100110
111011
011000
110100
000011
001110
111001
000100
111100
100100
001000
111100
111101
010111
000001
100011
101000
111101
111011
001001
111011
011001
111111
010010
100011
100011
100000
001111
011001
000111
100000
110011
111111
011111
110010
110010
010000
000011
110000
111110
110101
111101
000000
011001
010010
101101
110011
111100
101000
111100
111000
100001
111101
110101
101011
111110
110001
001000
001011
111100
110000
110100
110000
111001
011111
101000
110000
111100
010011
101101
000001
000110
111011
110001
110100
011100
001000
110010
110110
001001
111011
100110
011011
000100
011101
110000
101111
011011
111010
011011
111101
001001
100011
111001
001101
100111
001011
100111
011010
111011
000110
000111
101011
011110
110001
011101
010110
101110
100000
010011
100111
111010
110001
000000
101101
010110
011000
110101
100110
000010
110101
011010
110001
011011
101100
011000
100010
111001
001010
110111
111110
010110
100001
011101
100100
011010
111001
001011
101011
011001
011101
001001
101110
111010
101011
001001
101010
001101
000000
001110
000011
010101
010101
110101
101001
011101
101110
010010
000010
111011
001010
111011
111110
010001
101011
001001
001001
101101
111000
100111
110101
010101
011111
011101
000101
100000
101110
100000
100110
011101
111010
011001
010010
100001
101101
010011
110011
000011
010010
110111
011100
001101
000001
111111
010010
100011
010100
010000
110111
100001
110100
010001
110010
101110
101101
101010
000110
101001
111001
010111
010001
000101
111100
110000
010000
000101
001101
101001
101011
011000
010011
110010
011000
011001
110001
100110
111001
101011
111111
110000
010101
010010
000110
100010
111100
100110
110111
111111
110110
111110
011101
011100
001001
001010
010110
100001
111000
111101
111001
011001
010000
000110
001110
011000
011011
000101
101011
011000
001001
110110
011011
001110
001100
011010
001000
011100
110111
001011
111111
101001
001010
100101
001010
110001
011101
111110
111001
000110
110001
111100
100111
000100
110111
110100
001100
011011
111010
100111
011000
100111
011001
101101
100011
110010
010111
101010
110001
001110
000101
011111
000111
010001
111001
101100
000110
011011
111101
101110
011010
011111
000010
100011
011111
011010
010111
010010
110000
110010
001101
011000
010100
011000
000011
001110
100111
110001
111111
101101
010001
111101
000111
010110
001111
000010
111011
001100
000001
001010
111011
000101
111100
111010
000111
010100
111001
111011
111001
001100
010011
011000
001100
011010
100000
011111
001101
000101
111101
011001
110000
011001
100100
111100
011101
101000
010010
101110
110110
100100
100010
010010
010011
101110
110000
101011
010110
011010
101001
001111
000011
010100
011000
101000
010110
011010
110101
110001
101110
101100
110011
100010
001001
110001
011000
110110
000110
001111
000000
111100
110001
011001
010111
011011
000101
001101
111010
100111
011101
100111
111001
110010
011011
000011
011010
001110
110000
101110
111110
100001
011000
011011
001110
000001
110001
100111
010010
011100
101000
100001
101100
110000
111000
101011
100010
001101
010000
111001
011000
001111
001101
000000
111001
111001
000011
110100
111000
001101
001110
001001
111111
010111
011001
101101
011100
100010
001100
101010
001000
100100
100111
110101
011001
001110
010110
111011
001001
111111
110101
100101
011111
001110
001100
100101
000000
110010
111101
111010
110101
011101
101111
000011
000111
000000
100110
010011
101111
010111
011110
010101
010001
000110
000101
110010
100100
100111
111000
011000
011100
000010
010000
101100
011101
001010
010100
010001
001011
001111
110010
100101
101101
110110
101111
110110
011010
111100
101101
110111
010111
110010
111011
110111
111010
000101
001110
010101
011010
001011
010101
101001
110100
001011
010101
110000
001100
010101
101110
011000
110110
110011
011111
100101
000111
110010
111101
111001
111001
110000
010110
111111
001001
101100
011000
110001
010101
101001
111011
100101
110111
001100
010101
000111
100011
001001
101100
011111
101100
011010
101000
010110
101001
011100
110000
110110
010100
011110
101000
111110
100011
100001
101000
010110
001001
010101
100101
001001
100000
001100
001000
100000
111110
110101
001001
010011
001000
000010
111000
110101
000000
011011
101110
011001
010100
111001
101111
000110
111000
110001
100111
001000
110010
001000
001110
111011
000011
010000
001110
000110
100110
011000
101100
101010
000100
100110
000100
101100
010101
001011
010011
011001
011100
000000
110000
100010
110001
111110
011101
001011
100110
110000
010101
000111
101100
010101
011111
110101
011101
000010
001000
010110
111111
100101
100010
000100
100100
010110
110111
100100
011001
000101
110000
101101
101111
110011
011011
010001
001100
111000
001100
000000
000001
000011
001011
010010
101101
000011
111111
100101
010000
110000
100010
101001
111010
001111
010100
110011
110101
011011
101001
110010
000101
110010
001001
111010
000000
100000
000110
101101
101100
111111
101001
011001
110000
111110
011100
111110
000101
000101
100101
101111
101000
010110
011001
011010
111011
010110
011100
110011
010111
110010
101000
010101
011101
111001
101101
000111
100111
111001
100001
110001
001011
000011
011111
100110
011111
000011
011111
001011
100101
101111
010010
110001
011100
001011
111110
001010
010000
001011
000011
001011
111011
010011
001110
011110
010001
110101
100010
000000
000011
101010
011111
100001
010000
010010
101011
011011
010101
011010
000110
101111
110101
001101
111000
111100
100101
000001
100010
101111
011100
001110
001111
110110
110011
110000
000001
111000
010100
010101
011000
010110
001011
101101
110101
001000
001111
110100
010011
110111
110110
000110
111000
111101
001011
000101
010001
000101
100000
000001
000011
011100
010011
001000
101001
101010
100011
101111
010111
001100
110100
010000
001001
100010
101011
110011
001111
111100
101001
100110
000011
101110
011010
000011
011100
100011
100001
001101
001111
111000
011110
111110
011011
100111
010010
100110
011000
111010
000110
100010
000000
