101100
011100
010101
100000
100101
000000
000100
101001
000000
000000
011000
100101
101111
110010
001110
010001
100010
010011
000111
111100
001100
111100
111011
111110
100111
000110
010000
110011
111100
000011
101110
001110
101101
011000
110001
111110
000011
000100
010110
111111
111011
001010
101101
000011
000000
001010
101001
110010
111110
110100
111100
001110
001010
000010
101010
000011
000110
010110
011110
110111
000000
110101
110011
011110
110011
000110
110010
001100
000011
011100
101000
111110
010111
001010
100000
101010
011110
001011
101111
101110
111100
011111
101100
111100
001011
111000
001000
011110
100010
110000
010111
110010
100001
111100
001111
010011
111101
111110
010010
111110
101111
100101
111010
110011
001101
100110
100111
100111
011110
100101
011000
100000
110111
111100
000100
101001
010100
001111
000101
001011
110110
001000
010111
011101
001010
011110
010110
100101
111111
101100
000011
010100
010101
101001
110010
110001
000111
000001
101011
110110
001000
010000
010101
010100
001011
011011
100011
111101
100111
100111
010100
101011
000101
011111
001110
000000
000010
010010
001000
001101
110001
101000
010010
011000
101000
010001
101110
001101
101011
010110
000100
000110
110011
000101
110101
111101
110100
001011
001100
111001
000011
000100
101000
000101
111110
010100
110111
000000
011011
101110
000110
011011
011011
001011
110001
100000
010100
001010
110010
010000
101011
110100
001101
101100
001000
101100
000001
001101
011011
001011
111110
010110
001001
010001
001100
111001
011010
100001
111100
010100
010000
011101
000010
100001
000101
010000
100010
011001
110011
101101
111110
100111
110111
011111
000111
000100
101110
001001
000100
010011
110100
011011
001110
011110
101100
111101
110110
110000
100011
001000
000000
111110
000110
110111
110000
101111
011111
100001
000011
101101
100110
110101
011110
101000
011010
110101
001110
010011
010101
101010
000001
111111
110000
110001
010101
110011
010010
111000
111000
100111
011001
100011
110001
100111
101101
010010
010101
010111
011001
111001
001000
001000
000101
010001
010011
100001
001110
111110
111001
110110
100110
110000
101010
111010
000100
010001
001110
011101
000101
111111
011001
110001
000100
110000
010101
001000
111111
000010
110001
000011
111001
111101
101001
000011
111011
110100
111001
001000
101011
010001
111001
011001
010010
111101
100011
000001
110000
101100
101110
101001
001110
011101
110010
111101
011001
000110
100101
110100
001110
111111
001101
011000
000110
000111
110100
011001
010001
000000
110010
111111
000010
100111
101001
001010
110111
110000
100101
011110
001000
001001
110000
110010
001111
110111
010010
001110
101010
011111
100011
100011
111111
010011
011000
011001
001101
111111
100111
001011
000111
000000
110100
111111
011110
100001
000010
000001
010101
001011
110001
111001
101001
011101
001111
111110
010111
010011
001001
100010
100111
101111
110111
010110
110011
000011
100100
001011
101010
001111
100001
111011
011100
100111
101000
101000
100111
000000
111110
110000
111110
001100
011100
101100
111000
100001
011110
001101
011111
010000
110010
111110
110001
100100
100001
100001
011101
010101
011001
110101
001001
011110
011011
110111
011101
000100
111010
100011
010010
110011
000011
111101
001111
100011
011010
000010
101111
101010
001000
001100
100110
101111
010110
101000
000101
101101
011111
111110
111111
101111
000000
101100
000000
000010
010010
111111
000110
110011
111100
101110
101110
011011
001101
100011
111101
011100
110100
101101
000000
110010
111011
010101
101010
101000
111010
000010
000111
011101
001100
010110
000000
110000
111110
100011
010011
011110
100111
011110
011110
000110
000100
100110
100000
100110
001111
011100
100001
000011
011100
100100
100111
100110
110101
011110
100101
010110
110110
001110
111001
100101
111000
101010
010110
110110
111001
100110
110100
001100
010000
111000
011011
010001
001101
100110
101101
110100
010111
100111
111110
010011
001101
000011
111110
110100
010000
111010
100110
000110
010001
100010
101111
011100
101101
001110
001000
000001
001011
101000
100110
110101
111010
111101
000000
111011
100110
100110
101100
100111
111100
101000
101101
101001
101101
000000
110010
110100
111010
001110
111111
111110
001100
100010
100001
000100
100011
011111
111000
100111
000110
011011
100111
000100
011010
110110
101111
001010
110100
100001
001011
010001
000001
011110
011100
001111
111011
100100
111110
000101
111101
010011
101100
010111
110110
100111
010001
010100
110001
000110
101000
111010
010110
011011
011110
111100
101010
001011
010100
011010
011101
011101
100000
100111
110100
011101
110111
110011
100110
110101
100100
011001
101011
111000
000101
001101
011100
100111
111101
110000
001111
001010
110111
101011
100100
100100
010010
111100
011111
001010
101111
010101
001011
001011
011010
110111
111110
001001
111111
010100
100001
011110
001010
010011
100001
100001
110000
001000
001000
101100
110001
111110
110010
011001
010011
110101
100100
101001
010001
101110
011100
111110
010000
100101
110110
111000
101101
100101
110111
110011
110100
111110
011000
001110
100000
001000
000011
101011
011110
101110
111100
001111
001001
001110
001011
011010
110001
011101
110101
001101
101111
100110
101110
101101
011101
011100
111011
000001
000000
011001
110011
011111
110000
101001
110011
000110
101011
110111
000000
010010
110010
000101
000000
101010
001110
111101
001111
011101
010000
101000
000100
011101
011010
111001
000101
101110
001100
000001
011101
011110
011101
110000
010011
001100
011100
001101
011110
011010
011111
010101
101000
101111
101000
011111
110001
110011
100100
101001
011101
001001
110000
101111
101100
110111
101111
100001
111110
011010
101111
000010
101011
000000
100110
010001
110101
000000
000110
011010
000101
000001
101111
010000
010110
011000
110100
010100
011111
111110
100111
000100
100111
001111
000111
110111
101110
110000
101111
001100
110011
100100
111001
011110
101001
010011
101111
010000
110101
110000
110111
111101
110000
010100
000100
111101
000111
011110
101000
011000
110100
100110
011011
000111
110100
101011
010011
101010
101011
110110
100011
000011
110011
110110
110101
101110
010110
110111
011101
100111
000100
011010
010010
101001
101110
101000
001110
000010
010101
000011
110000
001001
010010
111011
111001
111001
100101
010110
010000
101110
110110
011101
001110
011000
011011
110000
111000
000010
000000
110110
001111
001110
101000
100111
101010
011110
101110
001110
000000
111010
111101
000110
111110
101010
110011
001011
001011
010101
011110
011001
100001
010100
000110
100001
100101
010011
110011
101000
001111
100101
010101
000100
000100
000100
110111
010000
010110
001010
101110
111011
011100
101111
100011
111111
001101
111011
100010
010010
011010
101111
000001
101011
011101
100000
110110
001010
001101
001110
000100
101110
111000
001100
001100
101001
001001
101101
101101
011111
000011
001001
100010
101000
101111
000111
111000
011000
101101
000000
111101
101111
100010
100001
011111
101101
010111
100010
001000
101101
110001
001011
101011
011010
001001
001010
001101
100100
111011
000111
100000
001001
100001
101110
111010
010111
010110
011011
110011
001100
110100
111101
010000
111100
011101
111100
011001
101011
111101
000111
101101
100111
