011101
000000
111000
100110
001000
100011
011110
110001
011100
111001
010101
101010
110111
011100
000110
001110
101001
101011
001010
001110
111010
110100
010110
111001
010011
011001
000010
101000
110100
001110
111101
101101
111100
101110
100111
111100
100110
000000
101110
000111
011001
110110
110111
010000
010111
010100
000101
001111
101000
101001
011111
101110
101000
000110
101111
101101
011100
101111
101000
110110
001000
001011
001000
111110
110110
001010
011000
000101
100110
000100
111000
000110
000100
000100
111101
111101
010111
010111
000000
101011
010000
110000
111011
010111
101100
101100
101110
000110
000100
101010
101101
000000
001101
111110
110011
101001
111000
010011
101100
010111
000001
101011
101010
010010
110100
010010
000010
110110
101011
100100
110000
101101
011111
000010
111000
111110
011101
111111
001111
101111
110100
001010
001110
011111
110001
100000
010001
110100
100111
010011
000111
110100
001101
110010
101000
010100
010100
000111
111110
001110
110111
111110
000000
000001
011010
101011
100001
000000
101100
100001
100110
110011
111011
011011
011001
110100
101111
000101
011100
101011
110011
000100
110100
101000
000101
001000
101100
011000
111000
111010
010100
100010
000000
110100
111000
100111
100010
101110
000000
111100
000101
101110
100000
010010
111011
010001
010000
010100
111011
101001
010101
000010
001001
011010
010111
001101
110100
011000
000001
011110
111100
010010
101010
001100
011010
010100
110111
100101
001111
100011
110100
101111
100011
010010
101110
011010
010110
010000
101111
101111
000101
000010
111110
100000
100010
011000
101100
101000
011001
101001
001000
100000
000000
100001
101010
010011
110001
100110
111101
101101
110101
110010
100111
111100
100111
000110
001011
110010
011011
111111
010100
010011
111111
101101
111001
011001
100001
011101
000100
000100
001100
010011
111100
111011
011000
110111
000000
110001
101110
100101
010010
000001
010001
110011
100101
111000
110001
100110
110100
010111
101100
000100
011111
100001
110101
000000
110100
001100
101010
000111
000011
100111
010000
111101
000010
111110
011001
011011
010110
101010
011010
111101
101100
010011
010000
110011
001111
101111
000011
010011
000001
101000
111000
001001
011001
011110
110001
101111
011100
000111
001101
011011
101110
011100
011001
111010
110010
000001
001101
110000
010000
000110
000100
010111
110010
101110
011000
100001
000110
000101
001001
100010
001100
101111
101001
111100
010001
100010
100110
111110
101111
001100
000001
100001
010011
001000
000100
111111
100000
001110
111101
001110
110101
010011
101110
000110
011010
111000
100010
011110
111000
001101
101010
011011
001110
010011
101011
000111
001000
110001
000110
000100
000100
011000
000100
011001
100110
111011
100010
100101
100001
011000
110110
001010
010101
010100
111001
101101
000110
110001
001001
000010
111011
101010
011001
010000
101010
100011
111001
110000
100101
001100
011101
110110
001110
100010
101011
100100
001010
101011
110000
010101
111100
001101
101001
100001
010011
011011
011011
010001
000000
000000
011011
001011
100110
111010
010101
100111
000000
100111
001010
101011
010111
111101
100111
011011
010100
111111
111100
010110
001010
001001
010110
001111
001000
101010
110000
010100
100001
111100
010111
000001
110101
111000
111111
000001
011100
110100
000101
111110
010010
000010
010000
100110
000001
111010
000001
101000
000111
001110
010010
011001
110110
110100
111011
000011
000100
111101
010011
001000
101011
010101
011001
000110
001001
111111
011011
010010
111110
001111
000111
110001
001110
000011
100000
101001
001001
101110
001010
100010
010100
000111
111101
100001
101111
110010
011011
001010
100101
100001
101111
111111
111110
111110
000110
111010
011010
111101
010000
101010
111010
011000
000001
011110
101111
011101
001010
010101
111111
100001
010011
101110
100000
011110
101101
011011
010100
110000
010011
100111
110000
011010
111000
110001
111101
101010
100000
001111
001110
101001
100011
001110
111100
100011
000111
010001
000110
001101
001001
000010
100110
001010
110100
110101
010111
101101
111101
100000
111000
000010
011011
110110
111100
110010
110010
001000
110000
001101
100010
100010
010111
100000
110111
101100
001101
110000
100000
101101
111100
110100
000011
110010
111110
101101
100010
010000
000100
111001
000101
001110
001011
110000
011110
110011
000000
001001
101111
011100
100001
011000
111010
000010
100100
110001
110100
011011
100010
010010
001000
001100
001010
000001
001010
010110
001100
111101
010110
000110
110101
110000
010100
101000
011101
000101
110000
010010
111010
100111
110111
111111
011011
100100
010010
011011
110001
000001
001001
000100
110100
001100
010100
110001
011000
111111
100100
100000
110100
111110
000011
110100
111000
010010
111111
001100
110110
010101
001101
101100
110100
010111
101110
111110
100000
100000
100000
100110
000001
000011
100000
010111
111000
101110
111111
100100
000100
110010
001000
010010
010110
110000
001010
010110
101101
001100
101101
111011
001001
101011
100000
110100
111100
010101
110110
100000
001011
001100
101111
100100
011001
001101
011100
011000
010110
000001
100101
110001
110110
100110
000111
101001
011101
000000
010010
101101
110111
011100
110110
111000
111110
001001
100100
010111
011111
100000
001101
011111
100010
010100
010011
011000
011101
111110
010000
010111
110111
111100
001000
100000
010001
011011
101111
011001
111011
000101
010110
100110
010010
110000
101001
001011
111001
011101
110011
010000
010110
111001
010000
101001
101010
101100
111100
101010
110010
110001
101000
001100
111010
000011
011111
000110
111001
011010
100111
001011
010011
111010
000110
010000
111010
101101
010011
001001
111100
011011
000101
101110
000111
000100
001111
001110
101111
000100
000001
011000
111000
011110
010010
101110
100111
001110
011101
101110
111101
110100
100100
000010
011101
100011
111111
110110
001111
011010
011001
100101
000011
100001
000110
000111
101011
001110
001000
010110
010101
010101
111111
110101
101000
001100
111101
001011
111000
010010
101011
000001
111010
100100
000110
101011
010001
010111
010111
111010
101010
110100
111001
010001
010001
010001
100001
101111
000110
111011
110111
010111
001001
000111
111010
000001
010101
000001
000100
000011
000011
000110
110111
100001
010001
110001
110001
110100
111011
000100
000001
100000
100000
101010
010011
010000
101001
111110
110111
111100
100010
110010
101010
010000
100110
011010
011010
110000
100101
100010
000111
000101
100001
111011
001010
101001
000000
001111
111111
110011
110011
111101
011100
110001
101010
111111
100100
101100
111101
000111
001101
010110
010011
010001
110011
010110
100100
111100
000000
100101
110101
101110
100011
101001
011011
011001
000010
000100
001111
101100
001010
011110
110000
101001
000011
110000
100100
001111
111100
001001
011111
110011
000010
110000
000010
011111
010000
111000
100110
000101
101101
001010
101100
010111
001010
100100
001000
000111
101011
111111
101000
110001
100001
100100
010001
011000
001000
001001
011111
010101
001001
100101
011010
110001
000100
000101
100010
000100
010110
101100
011001
011101
110001
001011
100000
101010
000000
101110
110100
111111
010101
000000
010110
110101
110100
111111
001101
111100
010000
100101
100101
001111
