000101
010011
011110
111101
010000
011101
111110
000110
001100
110000
100000
101011
111111
100001
001001
111010
010100
111100
010001
011110
111011
111011
100110
101100
110110
010101
000000
010000
111011
101010
001000
100011
100101
001010
001010
001110
011001
110010
111101
100111
100000
111000
011110
001011
101100
001110
110001
001100
100010
010011
000101
000100
000000
011010
010110
111101
110111
101001
000011
011110
011111
100000
000100
010101
100111
011010
000001
111011
100010
010111
101001
100001
100010
110100
000111
001010
110000
111010
100110
111110
100000
001000
011110
010101
010000
110000
111001
101001
011111
110011
001010
110011
100011
100011
111011
011101
101100
111111
011111
001000
000110
111101
011101
101100
000011
000101
111100
000111
001000
010000
100100
110111
111001
010010
011111
001010
010101
111001
111001
000111
001111
111000
011100
000100
001101
100111
101011
111100
111100
100011
110110
001111
010111
011101
101010
101111
100111
011001
011001
000100
010101
111101
001010
010110
110111
110100
111010
100011
111100
010111
110010
111010
101011
110101
010011
101100
110100
111000
100101
001111
100010
100010
011010
001011
111011
000001
011000
000010
000101
001010
001000
110000
101001
010110
000001
101010
000101
100011
101100
011110
101100
000010
100100
110100
111101
000011
100101
010111
011111
110111
000000
101011
000100
101101
000100
011010
010010
011111
111101
010100
000010
010000
010011
010001
101000
111011
011010
111110
101000
011111
001000
000011
001101
101111
111110
101010
101010
001010
001110
110010
100110
000101
011111
110000
111001
010101
111000
011000
111101
011100
010000
000000
011111
110010
111111
010101
100111
111001
010100
000101
101000
110000
010001
010111
111001
100110
011101
010100
001011
101100
100010
011000
100010
111111
000110
010011
100000
110001
101000
000001
111011
101101
000000
011101
110110
110001
011000
111001
000010
101011
001100
011100
100001
101110
111010
100000
101110
000000
110000
001100
010100
011111
101100
110100
000000
110010
000000
111001
100010
000110
110000
011110
100001
011101
111111
001111
000111
110110
110011
010001
110001
011000
000101
101110
100111
011001
111001
101010
110000
001011
010101
101110
110101
101101
100111
111101
111110
110110
001010
110100
110111
001011
000000
001010
000011
101111
001011
110111
001110
011010
100001
011101
101010
000100
000100
111000
110101
110011
011100
110001
000101
010011
011111
100001
010011
100111
000110
010111
000011
001001
100100
101001
000011
111111
101101
010011
001011
001011
100011
100000
000100
101000
000001
101000
000001
001110
110100
101001
110101
111000
010111
011011
001000
000011
100101
100101
111100
001001
011011
111111
011101
001011
101011
100000
110011
010101
101011
010000
101100
100011
010101
110010
011101
101111
011011
000011
001111
110010
010101
001111
010101
000110
011011
101110
100000
100111
001111
111011
101101
010001
100110
000110
000101
011101
111000
011110
111000
110000
111110
011011
100111
101000
001110
111010
000000
100111
100100
100000
010001
101011
010001
001111
010011
111001
101001
100101
011010
111111
110011
000011
000001
010100
101001
100101
001000
001001
010000
101010
101111
010011
010111
011100
001101
000001
001101
110111
001001
010110
101001
111000
101011
001010
001100
011011
111011
100111
011010
011011
001000
011111
110101
010100
001001
000010
101001
011101
010000
001100
100011
100001
001010
001110
000010
000010
011101
100111
011100
010101
110100
100100
110101
111001
001101
000000
101000
110100
010100
110011
110000
100010
110110
100010
010110
000111
000110
000010
001101
011000
110111
111100
011101
100001
111100
111101
001001
100111
111111
010111
001110
100000
101110
111010
101101
110010
011100
010010
111110
101011
110101
100101
100110
011011
000000
110111
110000
000010
000001
100011
011001
111110
111001
101001
100011
000000
010101
011010
100011
010100
111001
001011
000100
100111
010000
011110
011110
110000
110100
000011
000100
111110
101011
000101
011101
011100
011001
000010
100011
100100
000000
110101
110000
101000
100111
001001
010110
111000
110111
111010
110001
100011
001100
011010
010001
101001
111100
110111
101110
000001
101011
110000
100101
101110
000101
001001
100100
000111
111110
110000
111010
000100
111010
000010
110011
000011
011110
011010
101000
111110
101101
101101
111111
101101
100000
111001
100100
110100
101010
000110
000010
100000
011111
000001
111000
111011
010010
110001
111011
110111
101111
100100
101110
111000
010110
111010
000000
011000
010111
100110
101110
101111
011001
011110
010010
100000
100001
001110
101001
101001
001011
111011
010011
110101
011110
011010
010000
011010
100110
111110
110111
010110
001011
010111
100011
011011
011001
101011
011001
011110
011011
101101
101111
000000
100001
010111
010001
110011
110100
111110
110011
000000
110000
111011
001001
101100
110010
001111
100000
011111
100101
100000
101110
111001
010010
011010
011101
010000
101000
110000
101101
111110
000011
011100
011001
010110
111110
011110
110100
110001
101100
010000
001101
101111
100101
011110
110000
000110
000111
001000
100101
110101
110111
011011
100101
110100
111011
001011
110100
110101
001110
010000
100010
010101
001110
010101
100111
010001
111110
111100
110001
010101
111100
100000
101101
011001
011001
111100
101100
110101
110001
010101
100001
001000
001001
011010
011000
100100
110110
010111
000101
000101
110110
100011
000110
010100
111111
001010
101000
100111
110101
100011
011001
110100
111011
011000
101111
001111
111111
010010
110001
001000
000010
100001
010110
000101
110110
001011
001011
011101
100100
010011
100101
100110
101101
010111
101101
101000
010101
011110
010011
111000
100000
111100
000000
111011
011111
010000
001000
000010
001000
100011
100011
000111
010111
110010
111010
110010
000011
111100
100011
010001
100011
010000
000111
010110
000101
010100
010000
100001
010110
011000
000001
110011
101011
101010
010111
010000
000000
111001
001100
100100
110110
010101
111001
111100
011001
110111
011011
101100
101011
011100
111011
100100
000010
111101
101101
100111
111111
110101
101100
011111
101010
010010
111011
010011
111000
011000
001011
110101
110111
111001
111010
100011
100101
000110
110000
100000
101011
110001
110001
101001
100100
010010
010100
000111
100100
110100
111101
110110
011011
001001
111001
110110
111110
010010
110011
000110
010010
001100
000111
000110
111110
110100
001101
100010
000110
100001
000100
001111
011101
101010
010101
000110
111010
010000
001011
110100
110110
111111
000110
110110
111101
011011
011111
011110
110001
110010
010101
110110
100110
110011
111110
101100
111001
000010
000000
011101
011101
011111
111001
101000
011101
010111
010110
100000
011011
001000
000011
101101
010010
100000
110101
111100
010011
111110
100100
110101
100011
000110
011000
110000
101100
011010
000110
001110
010000
000100
111011
011000
010011
100011
101111
001010
100101
000101
110000
100010
110111
111000
111100
111110
000010
111101
101110
001110
010000
111110
110100
110001
101000
000001
110100
011001
011100
001111
110101
100111
010101
110110
100101
001110
111000
101111
111111
101111
111101
011101
101100
000101
111110
110010
001010
010010
101001
111011
100001
110110
000111
100110
110100
101101
100111
100010
100001
111011
