110100
111000
100011
110100
110011
111001
111011
000000
110010
111010
100100
111100
100000
001010
011101
000000
001110
010101
100011
100001
000000
001100
100111
011100
000111
111100
100100
001001
010011
010011
000100
111100
111000
111101
000001
111101
001101
000001
001001
001000
000101
001011
011111
111010
111000
000000
111110
010000
110110
101010
101011
111101
010101
110100
111000
001010
011001
111100
100010
110010
000010
011100
011000
010000
100100
100011
100101
010000
000110
001111
110011
100010
110101
001000
000011
101111
011000
100001
111101
001101
101000
000010
001000
110001
011101
111110
001010
111100
011010
010111
110100
101001
000011
111111
001000
111011
010011
011100
000101
000000
111001
100011
000011
010000
100010
100000
001010
101001
011101
001111
011010
101111
000001
101011
111001
001000
000000
010110
010100
011000
111001
111110
101001
110001
010000
101000
100000
011100
111010
101000
001011
100101
111110
001110
100010
011100
111001
000110
110100
010101
011111
111100
110101
101111
100111
110000
011100
111011
011100
110001
000010
011000
101001
000111
101000
111110
010000
000100
101000
101110
011111
001101
100001
110010
011111
001110
011110
010011
011111
011000
000111
011010
000111
001010
000110
011101
010010
001001
011001
000001
001001
101100
010010
111111
100100
010101
100001
111111
111110
000001
110100
010100
100111
011011
000110
110101
000101
110011
110110
000011
110100
001111
011110
111011
001011
110000
110010
011101
010111
011001
110101
100011
110111
011111
101101
000000
011100
100011
011111
011001
110101
100000
101100
001111
110111
010100
111111
110110
000001
001011
111010
001110
011010
100101
010110
011000
101001
001011
000000
110110
001001
001111
111111
000101
000000
011110
111001
001111
001001
111101
010011
101111
001000
110100
001101
011110
001110
101110
111000
100000
010011
000100
000011
100000
110100
011011
110101
010000
100010
110001
100110
001001
010011
000010
100000
011000
111010
001111
110011
010001
000011
110101
111111
011111
000011
000100
011111
111111
001101
100011
000100
100000
001000
001111
011110
101010
011100
011001
111111
001111
000001
000011
111100
011000
101011
101010
101101
000001
101000
100100
111110
001001
010100
110101
111001
011111
001111
100001
010000
011101
001111
011001
111010
011110
000010
001101
100000
100111
011100
111100
010101
100011
101000
110111
101000
111011
101011
110001
111110
011001
101100
011001
010011
111001
000101
110000
101110
100000
101111
111011
110010
000111
001011
010100
110111
011101
010110
011001
101100
011011
100000
001001
011001
100101
101111
011111
101100
001001
001111
110111
101101
101000
100000
111000
100100
111001
100111
110010
000011
000101
001000
001100
110110
111001
011011
010100
111110
011000
101110
101100
000100
110111
100110
011111
000110
010111
000101
010101
010000
011101
000001
111101
000011
011111
000010
011100
101110
010001
001100
110110
011111
101001
000110
001111
101110
101110
100000
010110
010011
110101
010000
100001
111111
001000
110010
010000
001101
011111
111011
100110
010010
011001
110100
110011
110000
101100
000111
101000
001101
001001
110110
100000
110111
000001
001101
100010
100000
000111
110111
000010
111110
111010
010100
111111
001010
100111
100111
010000
001110
100010
001100
100010
101011
011101
000001
100001
111010
011000
010111
000000
000110
111101
010001
110110
011001
100011
010100
011101
111001
110011
001101
000111
111110
010010
111111
011001
001101
010100
110011
001100
010010
001111
000001
001101
100101
110001
110010
001101
100111
101011
001010
011010
101100
010011
101100
111001
100011
101101
100011
111111
101101
100100
001101
110001
100101
000010
100010
101011
111110
001001
101101
000000
101110
100011
010011
110111
100110
000001
010010
111011
110110
011111
100011
000111
001111
100001
100101
011001
111010
111001
000110
010001
111000
010001
011001
001101
110101
010000
101100
001001
001111
011011
000001
110101
100010
101011
011001
100011
100011
011111
100000
011100
011111
110000
101011
011101
111011
010000
000011
110010
001101
101001
100000
111001
110100
111001
101110
001000
000110
110110
000011
010100
110111
101100
111010
011011
101010
000110
100011
000001
111001
010001
001100
101101
001010
011001
010110
111111
001010
110011
011110
110001
101001
000111
000000
111011
001010
010111
110001
101001
100010
000001
011001
110010
011101
011000
001111
110111
000011
011011
101111
001100
010101
101101
101111
111000
011111
101111
010111
111111
110000
001000
100110
101011
000010
000101
000111
010111
000111
111100
001000
010000
010101
101101
101110
110101
100010
010111
101110
111000
001000
101101
001000
001000
001010
000100
001100
100101
010101
011101
110000
110100
010010
111000
001001
001100
001101
111100
110000
010101
100101
110011
010110
000101
001101
100100
010100
010100
000000
000100
001010
000110
100001
111011
101001
100101
011111
100001
011011
000011
000101
011001
101100
000011
011100
010011
011011
111111
001000
011100
110111
100100
110101
000001
101010
000110
101111
011011
000000
101010
101001
110010
000011
101111
111010
000001
101000
011001
001100
101110
010001
100011
111100
101100
001001
110010
011110
101010
101101
011100
100111
001110
100011
011010
000111
100100
100111
110100
001110
001100
001111
001100
111111
001111
111110
100001
111111
000101
101001
000000
000000
000001
011110
011001
001100
010011
100100
011100
111100
001011
110010
011010
000000
100000
011011
011101
001100
001000
010111
111110
011100
101000
101111
001011
001000
100001
011010
011001
101011
111101
011110
011111
001110
001111
111100
001010
100001
001000
111111
110001
010010
100000
010101
010110
101000
010010
111000
101101
101101
100000
011101
110011
000010
010110
101100
100101
100010
001111
000000
110101
111000
010100
000000
011001
100111
101100
000110
000011
010000
110101
101101
000101
100001
001001
111111
010011
000010
110111
111110
110100
100010
000110
110100
101000
101000
101111
101110
111011
000100
101000
100001
000001
001101
010011
010100
001001
001011
011100
011110
100010
010100
000100
111010
010001
100100
101000
011110
001110
000110
100110
011110
110011
111110
011100
110000
000100
000010
010010
111110
010100
001111
011000
011100
110010
000010
010100
010110
010000
011111
100000
010011
001011
000010
100011
000011
000000
111100
100100
010101
100101
110000
001110
101111
010001
010111
100100
011000
111110
001100
011001
000110
010001
110001
000000
000011
000111
011101
110111
111100
111100
000000
000111
101110
001000
111001
000000
000000
111100
011010
110101
011010
111010
110100
010111
001010
101011
111010
111000
010101
101011
000000
100001
011110
000111
011000
110000
001000
100010
101001
101100
101001
001110
100001
101000
000100
110000
001100
101111
011001
011110
110000
110110
001101
101110
000111
001100
001101
011101
000010
010000
000000
100101
000011
100101
100100
110010
111101
010100
101111
110011
101010
000001
010001
101101
011010
000001
001110
011001
000001
111100
101110
110110
111000
011011
111111
001101
000011
000001
100101
111011
001011
101111
000111
011101
110011
011111
110001
100111
011101
110010
110011
000001
010010
101001
010010
101100
000101
101110
010101
110000
101001
110001
001001
101100
110010
111010
110101
100000
110011
011111
011110
110110
111101
111101
